scale = 0.00443855 m/tick

baseline = 0.17260 radians/tick

20 - 11/11
35 - 6.54/6.56
50 - 4.5/4.4
65 - 3.5/3.4

30 - 4.05/3.9
40 - 3
50 - 2.5

intrinsic =

5.772889193181582641e+02,0.000000000000000000e+00,3.039073875897449852e+02
0.000000000000000000e+00,5.859283766984723343e+02,2.429688800305820564e+02
0.000000000000000000e+00,0.000000000000000000e+00,1.000000000000000000e+00
